18801
57682
17116
7508
43245
21553
32197
47917
23428
26713
29867
57887
40765
12389
50197
23200
25608
16270
11824
53720
17278
42514
24006
21301
51888
5293
29786
21878
59753
53835
52704
857
22405
41074
47994
49106
47066
6111
38593
53640
41567
58007
17118
37999
8442
28179
49780
29548
2985
5767
44281
59307
42781
1875
23003
8728
35361
45378
22008
30878
56947
39061
42510
737
48209
51711
13143
24538
1438
39839
39629
8127
55379
59338
4450
35174
21980
46928
16177
2858
47418
54148
37384
23192
44703
59897
17897
30711
46041
16046
20825
54624
8217
22538
16222
57507
55080
50449
56642
52523
15802
16094
27350
45578
44214
35850
45386
1264
32181
47043
9611
43891
15732
39693
22177
57975
21991
11822
59808
7047
54717
32134
21901
37489
34507
15002
20579
25879
27593
12455
49544
3971
55684
42347
27109
44360
47287
54649
30489
19186
21556
12530
30095
51459
4962
27228
34004
39465
29953
28795
4379
24303
40824
33337
16571
21704
51775
37761
32848
29878
43445
1464
17590
24802
18264
1190
51910
9207
41651
21162
58662
2879
50792
57908
26063
2119
2626
29094
50192
34132
44515
35272
59466
8377
25322
59911
11845
9796
36452
39883
44451
50434
54338
33397
17569
34775
57595
33617
20680
25381
31654
2113
34702
17197
5495
59345
9703
43532
31920
21356
37066
26564
50525
13626
29603
47341
19571
31645
51929
25315
6123
48562
1391
42410
15728
56549
1132
26384
56267
23834
6472
35432
48703
24040
37327
9998
46910
27711
15969
53574
46554
17864
50107
26130
34630
46052
29945
25696
15017
6191
7352
22263
610
24634
2975
10326
31024
35771
21957
32736
5713
22178
7114
44174
46722
45396
35982
14654
38481
23619
28231
34600
38688
46368
50909
2489
48737
26182
27700
16221
58869
12423
20052
1794
1941
24406
50257
34397
4137
56007
38159
17102
10907
48173
45496
27262
39753
37269
47383
20389
43914
37232
49353
40182
40393
55452
30274
44008
17940
57412
1235
46749
59976
51792
23572
39341
3513
9309
21466
8196
28308
17284
12160
49293
4394
56522
40146
20717
36909
44020
12743
51514
47196
53548
31285
58330
59522
52801
12678
54046
28754
33648
56662
3408
57926
47120
21258
22041
26931
44033
17241
22923
12921
57702
816
29986
26729
34150
18409
52699
4411
40805
2367
8193
15215
58302
38221
13598
35906
43253
37474
13864
15014
43331
17516
13509
52027
11590
21314
13591
58512
4143
29616
28504
17181
58872
7576
57873
46573
12230
46185
2813
5602
11231
54560
25883
11774
153
10587
1317
33345
8939
46552
24829
18153
17177
38484
49548
54701
2582
3098
36795
46747
32747
42682
53611
20436
8284
9762
35484
5437
20729
36352
5878
23335
36906
29235
54911
37214
21130
11174
27052
29006
11960
11040
28223
31950
36326
534
26693
16590
39689
12522
38963
38349
57487
21232
28598
57995
24970
41963
47577
49612
33576
41844
49819
14146
2319
21898
52315
55818
57675
54863
18155
36932
45493
10087
17773
33178
7806
58822
37226
884
58901
46833
21670
19404
8455
10689
34725
44657
39866
8616
19845
35304
11696
4554
36546
21882
50632
19017
39659
18712
30315
31940
17713
26889
18725
15400
27551
51478
7209
56855
38455
31946
47358
2329
3461
42886
53024
49248
31466
30278
47458
12885
29541
49354
41208
43431
45699
57904
7606
12350
10796
4823
25818
58164
35270
2928
42689
31774
34820
14743
6890
58254
17537
21084
30031
36786
3677
6183
44718
36467
14914
50831
9928
7535
30560
27250
1985
47695
1167
15106
9123
31947
5245
59374
14710
46649
54159
7073
30625
46935
50401
1865
24528
18344
53861
5948
12102
38342
24818
19055
56647
29900
40606
43511
25754
40364
43657
59540
5110
45705
4528
42010
27644
44642
33262
58153
35446
6423
9589
28895
44765
27868
56474
17258
44095
19476
30371
40122
25999
8609
9590
39691
25157
47881
26287
29763
36536
49410
39709
49984
25444
39846
15729
28478
41630
58354
4836
3424
45692
32277
38070
58229
21152
41768
34826
20828
37167
9434
6208
51613
39422
42474
34248
39537
43019
9626
13080
49606
46818
15595
22134
10650
56680
40318
53103
26517
59962
20507
53179
34744
53251
12258
20300
29232
19317
43842
4328
31301
1119
48186
41596
24292
8635
40157
46346
38602
49576
9008
49084
52989
20764
17347
43414
1239
6685
8121
37908
25029
16035
13383
4267
3570
30503
37919
20286
7126
9829
8420
1918
5640
11731
57469
59412
54104
31331
56396
47592
27596
31260
36674
48955
22952
34185
17607
37914
25606
20247
17725
3438
16143
11216
5078
47057
14642
56373
39048
53399
55722
3791
13720
26187
26015
23832
42728
3701
721
28583
15456
6746
13172
52932
36238
42185
41671
52077
29918
16982
46995
17587
27140
35016
30805
16597
21113
26557
146
46996
53492
31306
58847
50314
50739
16755
4260
14012
39886
36208
2021
10130
25100
29114
39004
12870
8235
23717
42844
18233
58029
38368
29875
20858
44113
19585
24480
6571
50983
46857
22555
59152
37928
25774
22083
56602
27394
16598
33331
59164
1443
29079
47576
41365
47940
33459
25449
16697
34677
29449
8000
2405
39663
21737
2128
32753
23194
43789
17455
59130
301
15085
3266
694
36381
46860
50327
37139
34084
49998
57176
6636
1286
43577
7710
9991
58992
56311
7497
17104
42269
17133
46425
32177
6319
44756
13711
14476
14106
6745
3405
1249
21733
25587
53163
21298
35733
25282
52800
1326
42434
35018
22850
34137
13787
52188
3048
3163
54648
46701
36851
36469
19956
48531
14440
41924
47720
13914
57202
1475
52771
3092
59443
39318
17762
39146
17753
15212
2001
33942
28045
4728
48351
48725
29088
48885
29297
42706
59716
48417
8470
34831
52506
9553
51497
24242
17603
22820
54633
18923
13023
29927
21074
46846
5654
16999
52521
50894
21952
33957
36822
47293
33605
24787
44327
9189
57307
14009
32750
50523
26970
29930
45774
42796
22714
4288
37896
58829
7018
17013
13164
13474
52235
54047
23670
36359
57187
28814
8893
1259
42711
9280
14103
17048
13294
26186
16790
39802
54507
36272
15919
28946
58479
57551
33839
4431
7588
5939
51064
52696
12655
30813
12564
35993
14217
9031
23311
3642
46407
39744
37058
37669
14125
3816
6483
22756
14601
55064
17754
41492
13954
16830
34963
6351
23353
41418
35347
7297
11976
30250
31545
39679
57303
25089
37053
21928
30954
10577
57007
34191
14030
907
11228
218
56765
10926
57435
17374
55775
55673
11054
36290
19132
11973
30854
10686
49013
13255
11569
50061
25172
16201
24428
43576
39770
56335
10371
35199
14891
55162
2932
51761
56452
20798
10827
33339
5268
41554
54754
36857
3021
36870
5791
33954
30530
9880
25793
28900
32801
22860
37504
4184
44537
47262
29043
11652
52244
18558
59739
37932
53210
4182
26720
25503
23070
16579
55960
50004
4818
11550
40797
8946
6729
35770
48379
23291
40149
22346
54411
818
26567
31867
32477
47192
23407
57118
49531
30240
35731
24071
46501
42148
59573
6573
22287
15924
59719
3530
21645
30432
39967
28573
23148
18950
41439
39772
26460
45787
23352
33718
3365
55183
42590
1301
29445
9269
51692
11076
36078
47311
28974
39810
3197
6299
45087
32291
21864
24145
44462
33408
38668
5023
10715
38100
47500
58695
18601
53454
12993
52764
9382
55812
57095
34976
33873
17020
42638
40223
53271
36284
55178
36402
30127
32827
48789
34962
8981
47486
4170
35284
37654
43803
50113
28509
34980
1852
31749
59284
18593
28281
13503
40532
7742
28501
7075
19307
42187
54109
13306
52249
34454
29036
4178
43620
19826
2086
4661
55090
16421
21052
40868
19716
45544
45229
52033
32682
50650
41134
13346
38689
16200
58064
40003
58997
59495
45817
5558
34644
22644
26696
51278
50073
41478
56677
20709
6807
13641
3896
53270
11706
58484
16936
41638
53795
30094
17072
14231
41259
19314
56038
38187
1513
28843
11036
8895
49474
3393
13961
25123
20023
59995
51996
35024
29448
30145
26343
26358
59246
32569
49690
45611
11678
44695
57336
15343
7450
37250
53395
3921
11018
13852
44380
17427
23497
39283
41972
37186
11614
28436
3195
32919
45398
42252
43742
4476
1093
57164
6334
37679
21040
7348
53878
13739
3348
23173
27942
52432
40769
48910
48440
6980
2802
52369
41130
48588
16307
39052
42865
39643
54558
41757
32584
21296
6595
12506
12248
45202
54169
5699
48632
40380
44622
19587
45593
37860
52172
36143
10379
37725
6400
49709
10781
18785
26035
59350
11851
14622
36789
12635
23398
18475
831
56062
41363
30739
38976
33086
47280
17186
29588
48543
57019
56891
38505
56401
11816
20610
33468
56778
8439
55484
9624
18040
52291
2992
17368
42868
16282
24443
30721
42882
39166
40863
50365
46059
49428
7919
42855
16076
35778
26890
10140
44934
51591
41334
35192
33572
36537
30012
59084
12224
57825
18491
6758
46560
6778
15301
16400
42111
55455
44228
40378
23524
18884
28648
27866
19011
1968
36665
18316
13339
47132
16285
14918
16024
11764
9233
52977
54690
16925
14085
2345
30071
30712
55709
1291
1638
17867
20593
8110
51817
5815
28047
12464
33974
22554
52442
32310
38024
35171
11947
57163
21305
58506
18708
59279
51999
55891
26659
22762
21334
35996
32336
20807
29085
7859
37655
30097
46465
41322
41167
21266
44959
59903
2471
36927
26562
33399
6021
31380
34659
52533
47212
10387
7010
31112
17216
44884
29269
4712
49980
1068
44759
44186
7261
24863
45994
28219
43671
4089
20953
51071
32302
27091
15548
43943
40776
26447
4427
51871
7626
19518
9643
1083
3242
40777
47831
27082
30265
33597
30087
16011
38420
23327
238
20034
34561
28804
44890
37652
45830
14490
36442
13566
22449
36250
9999
10067
49056
55074
28635
45704
12256
59593
21506
24622
40623
33799
43772
54797
5655
324
15521
21599
24454
43009
53323
41883
29592
10325
4580
35681
9576
30036
46710
41347
8230
12932
49103
34772
29977
18573
4005
59116
3189
576
49408
8240
53340
45065
1436
34155
429
38930
49524
30981
23509
27603
35963
3060
1574
39095
41060
2519
15638
37718
55867
48863
3205
6832
30322
17422
33150
51110
52864
17950
32586
25494
27753
55060
46948
19505
52798
48455
32146
12275
18660
40963
10742
34656
47337
39367
1940
53303
32270
45503
3806
41264
39170
11620
36441
14113
43903
6667
13542
26105
9620
50990
51002
25686
41466
54838
36763
20628
56433
14722
1969
15915
43730
26502
28287
21081
10150
53244
39520
40877
4547
57229
29861
28049
29463
1409
58004
1649
50823
43551
45175
20384
17768
56577
25414
36994
12227
10166
47258
50601
41488
8511
12029
13736
51720
49482
46654
29309
32041
41294
58136
18105
33748
10293
29491
54406
817
14657
19340
78
13655
54327
39006
51070
46173
21011
49927
20044
13585
55058
24915
44441
10816
2465
47857
51648
31238
11526
12131
12779
48281
14514
24469
2651
25212
16666
40512
47991
35082
23429
35822
44912
51381
1065
152
16415
16677
53408
34295
43522
29308
20860
44130
5319
48000
59704
2050
30737
12664
7709
26597
20199
52054
28496
40556
51908
24224
8716
43779
37965
19924
2657
42557
23752
20777
59641
10894
273
15165
12254
34307
49993
49325
37415
23596
39090
4764
49916
743
139
33694
31411
37340
54429
12843
36014
56717
52547
19033
50615
17780
28700
38032
29059
26905
45100
2978
22018
25998
48344
53600
25896
48556
22871
42756
57467
55364
17295
38050
48125
30540
43552
2606
17943
14980
6473
45708
51546
17832
41558
53947
27167
7611
12863
51825
37098
56419
21345
39504
18673
33235
31291
46970
49236
51972
12889
56082
33210
1477
12994
46679
19495
53396
28285
8943
24059
44273
27310
36556
42020
33591
6474
23350
29649
56304
11235
17364
37512
11870
34151
4469
35917
25547
51195
6146
7620
55847
25405
8381
439
55600
29124
42973
3509
54500
49672
41234
11760
37837
17796
4438
12402
27977
39597
41627
58841
37847
59680
26869
35140
24229
35649
15450
8519
58193
16874
15038
58388
53145
34135
47272
55501
15238
36673
15706
20890
15323
23060
35493
1388
57977
6644
10521
34830
29286
18743
42060
27077
2414
24797
10776
19509
7470
34535
8901
1054
6666
57372
31197
35315
3690
19899
42888
59121
9930
15997
6662
41164
14397
32311
14816
49754
10033
26937
9116
16148
27885
54708
46083
58945
29423
41696
47778
16096
26313
41699
40652
31325
30382
56115
57550
34144
18075
46144
55506
8369
14245
20048
45632
55366
49968
52641
31457
57392
40987
58488
50767
59631
49585
10078
11655
48842
58172
41613
36912
10032
39261
51107
21215
35608
3090
8845
32327
11648
38982
46405
27592
44505
43337
9063
14804
56072
36841
7137
58976
32669
12400
25023
4742
22260
28845
20042
47565
12920
57882
35532
19044
26832
5818
54015
16238
55279
2272
11479
